3 1 1 1 1 1 1 1 1 1 1 1 1 1 1 1 4 
3 7 0 5 6 5 0 5 0 5 11 5 11 0 5 0 4
3 0 0 6 6 11 5 0 6 5 6 0 0 5 0 0 4 
3 5 6 5 6 5 0 5 0 5 0 0 5 0 0 0 4 
3 0 0 6 6 0 6 11 6 0 6 5 0 5 0 5 4 
3 5 6 5 6 5 0 5 0 5 0 0 11 0 11 0 4 
3 0 0 0 6 11 5 0 11 5 6 5 6 5 6 5 4
3 5 6 5 6 5 0 5 0 5 0 0 11 0 11 0 4 
3 0 11 0 6 0 6 11 6 0 6 5 0 5 0 5 4 
3 5 6 5 6 5 0 5 0 5 0 0 5 0 0 0 4 
3 0 0 0 6 11 5 0 6 5 6 0 0 5 0 0 4 
3 5 6 5 6 5 0 5 0 5 11 5 11 0 5 0 4
2 2 2 2 2 2 2 2 2 2 2 2 2 2 2 2 2 
8 8 8 8 8 8 8 8 8 8 8 8 8 8 8 8 8